7.900000000000000000e+01
7.900000000000000000e+01
7.900000000000000000e+01
7.900000000000000000e+01
7.900000000000000000e+01
7.900000000000000000e+01
7.900000000000000000e+01
7.900000000000000000e+01
7.900000000000000000e+01
7.900000000000000000e+01
7.900000000000000000e+01
7.900000000000000000e+01
6.900000000000000000e+01
6.900000000000000000e+01
6.900000000000000000e+01
6.900000000000000000e+01
6.900000000000000000e+01
6.900000000000000000e+01
6.900000000000000000e+01
6.900000000000000000e+01
6.900000000000000000e+01
6.900000000000000000e+01
6.900000000000000000e+01
6.900000000000000000e+01
1.010000000000000000e+02
1.010000000000000000e+02
1.010000000000000000e+02
1.010000000000000000e+02
1.010000000000000000e+02
1.010000000000000000e+02
1.010000000000000000e+02
1.010000000000000000e+02
1.010000000000000000e+02
1.010000000000000000e+02
1.010000000000000000e+02
1.010000000000000000e+02
8.200000000000000000e+01
8.200000000000000000e+01
8.200000000000000000e+01
8.200000000000000000e+01
8.200000000000000000e+01
8.200000000000000000e+01
8.200000000000000000e+01
8.200000000000000000e+01
8.200000000000000000e+01
8.200000000000000000e+01
8.200000000000000000e+01
8.200000000000000000e+01
8.500000000000000000e+01
8.500000000000000000e+01
8.500000000000000000e+01
8.500000000000000000e+01
8.500000000000000000e+01
8.500000000000000000e+01
8.500000000000000000e+01
8.500000000000000000e+01
8.500000000000000000e+01
8.500000000000000000e+01
8.500000000000000000e+01
8.500000000000000000e+01
8.500000000000000000e+01
1.050000000000000000e+02
1.050000000000000000e+02
1.050000000000000000e+02
1.050000000000000000e+02
1.050000000000000000e+02
1.050000000000000000e+02
1.050000000000000000e+02
1.050000000000000000e+02
1.050000000000000000e+02
1.050000000000000000e+02
1.050000000000000000e+02
1.050000000000000000e+02
9.400000000000000000e+01
9.400000000000000000e+01
9.400000000000000000e+01
9.400000000000000000e+01
9.400000000000000000e+01
9.400000000000000000e+01
9.400000000000000000e+01
9.400000000000000000e+01
9.400000000000000000e+01
9.400000000000000000e+01
9.400000000000000000e+01
9.400000000000000000e+01
1.110000000000000000e+02
1.110000000000000000e+02
1.110000000000000000e+02
1.110000000000000000e+02
1.110000000000000000e+02
1.110000000000000000e+02
1.110000000000000000e+02
1.110000000000000000e+02
1.110000000000000000e+02
1.110000000000000000e+02
1.110000000000000000e+02
1.110000000000000000e+02
9.900000000000000000e+01
9.900000000000000000e+01
9.900000000000000000e+01
9.900000000000000000e+01
9.900000000000000000e+01
9.900000000000000000e+01
9.900000000000000000e+01
9.900000000000000000e+01
9.900000000000000000e+01
9.900000000000000000e+01
9.900000000000000000e+01
9.900000000000000000e+01
7.300000000000000000e+01
7.300000000000000000e+01
7.300000000000000000e+01
7.300000000000000000e+01
7.300000000000000000e+01
7.300000000000000000e+01
7.300000000000000000e+01
7.300000000000000000e+01
7.300000000000000000e+01
7.300000000000000000e+01
7.300000000000000000e+01
7.300000000000000000e+01
7.100000000000000000e+01
7.100000000000000000e+01
7.100000000000000000e+01
7.100000000000000000e+01
7.100000000000000000e+01
7.100000000000000000e+01
7.100000000000000000e+01
7.100000000000000000e+01
7.100000000000000000e+01
7.100000000000000000e+01
7.100000000000000000e+01
7.100000000000000000e+01
1.030000000000000000e+02
3.300000000000000000e+01
1.030000000000000000e+02
1.030000000000000000e+02
3.300000000000000000e+01
3.300000000000000000e+01
3.300000000000000000e+01
1.030000000000000000e+02
1.030000000000000000e+02
1.030000000000000000e+02
3.300000000000000000e+01
3.300000000000000000e+01
1.030000000000000000e+02
1.030000000000000000e+02
3.300000000000000000e+01
3.300000000000000000e+01
7.500000000000000000e+01
7.500000000000000000e+01
7.500000000000000000e+01
7.500000000000000000e+01
7.500000000000000000e+01
7.500000000000000000e+01
7.500000000000000000e+01
7.500000000000000000e+01
7.500000000000000000e+01
7.500000000000000000e+01
7.500000000000000000e+01
7.500000000000000000e+01
1.070000000000000000e+02
1.070000000000000000e+02
1.070000000000000000e+02
1.070000000000000000e+02
1.070000000000000000e+02
1.070000000000000000e+02
1.070000000000000000e+02
1.070000000000000000e+02
1.070000000000000000e+02
1.070000000000000000e+02
1.070000000000000000e+02
1.070000000000000000e+02
8.800000000000000000e+01
8.800000000000000000e+01
8.800000000000000000e+01
8.800000000000000000e+01
8.800000000000000000e+01
8.800000000000000000e+01
8.800000000000000000e+01
8.800000000000000000e+01
8.800000000000000000e+01
8.800000000000000000e+01
8.800000000000000000e+01
8.800000000000000000e+01
6.800000000000000000e+01
6.800000000000000000e+01
6.800000000000000000e+01
6.800000000000000000e+01
6.800000000000000000e+01
6.800000000000000000e+01
6.800000000000000000e+01
6.800000000000000000e+01
6.800000000000000000e+01
6.800000000000000000e+01
6.800000000000000000e+01
6.800000000000000000e+01
1.000000000000000000e+02
1.000000000000000000e+02
1.000000000000000000e+02
1.000000000000000000e+02
1.000000000000000000e+02
1.000000000000000000e+02
1.000000000000000000e+02
1.000000000000000000e+02
1.000000000000000000e+02
1.000000000000000000e+02
1.000000000000000000e+02
1.000000000000000000e+02
1.000000000000000000e+02
1.000000000000000000e+02
1.000000000000000000e+02
1.000000000000000000e+02
8.400000000000000000e+01
8.400000000000000000e+01
8.400000000000000000e+01
8.400000000000000000e+01
8.400000000000000000e+01
8.400000000000000000e+01
8.400000000000000000e+01
8.400000000000000000e+01
8.400000000000000000e+01
8.400000000000000000e+01
8.400000000000000000e+01
8.400000000000000000e+01
7.600000000000000000e+01
7.600000000000000000e+01
7.600000000000000000e+01
7.600000000000000000e+01
7.600000000000000000e+01
7.600000000000000000e+01
7.600000000000000000e+01
7.600000000000000000e+01
7.600000000000000000e+01
7.600000000000000000e+01
7.600000000000000000e+01
7.600000000000000000e+01
7.400000000000000000e+01
7.400000000000000000e+01
7.400000000000000000e+01
7.400000000000000000e+01
7.400000000000000000e+01
7.400000000000000000e+01
7.400000000000000000e+01
7.400000000000000000e+01
7.400000000000000000e+01
7.400000000000000000e+01
7.400000000000000000e+01
7.400000000000000000e+01
1.060000000000000000e+02
1.060000000000000000e+02
1.060000000000000000e+02
1.060000000000000000e+02
1.060000000000000000e+02
1.060000000000000000e+02
1.060000000000000000e+02
1.060000000000000000e+02
1.060000000000000000e+02
1.060000000000000000e+02
1.060000000000000000e+02
1.060000000000000000e+02
6.700000000000000000e+01
6.700000000000000000e+01
6.700000000000000000e+01
6.700000000000000000e+01
6.700000000000000000e+01
6.700000000000000000e+01
6.700000000000000000e+01
6.700000000000000000e+01
6.700000000000000000e+01
6.700000000000000000e+01
6.700000000000000000e+01
6.700000000000000000e+01
1.120000000000000000e+02
1.120000000000000000e+02
1.120000000000000000e+02
1.120000000000000000e+02
1.120000000000000000e+02
1.120000000000000000e+02
1.120000000000000000e+02
1.120000000000000000e+02
1.120000000000000000e+02
1.120000000000000000e+02
1.120000000000000000e+02
1.120000000000000000e+02
1.100000000000000000e+02
1.100000000000000000e+02
1.100000000000000000e+02
1.100000000000000000e+02
1.100000000000000000e+02
1.100000000000000000e+02
1.100000000000000000e+02
1.100000000000000000e+02
1.100000000000000000e+02
1.100000000000000000e+02
1.100000000000000000e+02
1.100000000000000000e+02
7.000000000000000000e+01
7.000000000000000000e+01
7.000000000000000000e+01
7.000000000000000000e+01
7.000000000000000000e+01
7.000000000000000000e+01
7.000000000000000000e+01
7.000000000000000000e+01
7.000000000000000000e+01
7.000000000000000000e+01
7.000000000000000000e+01
7.000000000000000000e+01
8.000000000000000000e+01
8.000000000000000000e+01
8.000000000000000000e+01
8.000000000000000000e+01
8.000000000000000000e+01
8.000000000000000000e+01
8.000000000000000000e+01
8.000000000000000000e+01
8.000000000000000000e+01
8.000000000000000000e+01
8.000000000000000000e+01
8.000000000000000000e+01
7.700000000000000000e+01
7.700000000000000000e+01
7.700000000000000000e+01
7.700000000000000000e+01
7.700000000000000000e+01
7.700000000000000000e+01
7.700000000000000000e+01
7.700000000000000000e+01
7.700000000000000000e+01
7.700000000000000000e+01
7.700000000000000000e+01
7.700000000000000000e+01
1.160000000000000000e+02
1.160000000000000000e+02
1.160000000000000000e+02
1.160000000000000000e+02
1.160000000000000000e+02
1.160000000000000000e+02
1.160000000000000000e+02
1.160000000000000000e+02
1.160000000000000000e+02
1.160000000000000000e+02
1.160000000000000000e+02
1.160000000000000000e+02
7.800000000000000000e+01
7.800000000000000000e+01
7.800000000000000000e+01
7.800000000000000000e+01
7.800000000000000000e+01
7.800000000000000000e+01
7.800000000000000000e+01
7.800000000000000000e+01
7.800000000000000000e+01
7.800000000000000000e+01
7.800000000000000000e+01
7.800000000000000000e+01
1.140000000000000000e+02
1.140000000000000000e+02
1.140000000000000000e+02
1.140000000000000000e+02
1.140000000000000000e+02
1.140000000000000000e+02
1.140000000000000000e+02
1.140000000000000000e+02
1.140000000000000000e+02
1.140000000000000000e+02
1.140000000000000000e+02
1.140000000000000000e+02
1.220000000000000000e+02
1.220000000000000000e+02
1.220000000000000000e+02
1.220000000000000000e+02
1.220000000000000000e+02
1.220000000000000000e+02
1.220000000000000000e+02
1.220000000000000000e+02
1.220000000000000000e+02
1.220000000000000000e+02
1.220000000000000000e+02
1.220000000000000000e+02
1.090000000000000000e+02
1.090000000000000000e+02
1.090000000000000000e+02
1.090000000000000000e+02
1.090000000000000000e+02
1.090000000000000000e+02
1.090000000000000000e+02
1.090000000000000000e+02
1.090000000000000000e+02
1.090000000000000000e+02
1.090000000000000000e+02
1.090000000000000000e+02
1.180000000000000000e+02
1.180000000000000000e+02
1.180000000000000000e+02
1.180000000000000000e+02
1.180000000000000000e+02
1.180000000000000000e+02
1.180000000000000000e+02
1.180000000000000000e+02
1.180000000000000000e+02
1.180000000000000000e+02
1.180000000000000000e+02
1.180000000000000000e+02
9.800000000000000000e+01
9.800000000000000000e+01
9.800000000000000000e+01
9.800000000000000000e+01
9.800000000000000000e+01
9.800000000000000000e+01
9.800000000000000000e+01
9.800000000000000000e+01
9.800000000000000000e+01
9.800000000000000000e+01
9.800000000000000000e+01
9.800000000000000000e+01
1.020000000000000000e+02
1.020000000000000000e+02
1.020000000000000000e+02
1.020000000000000000e+02
1.020000000000000000e+02
1.020000000000000000e+02
1.020000000000000000e+02
1.020000000000000000e+02
1.020000000000000000e+02
1.020000000000000000e+02
1.020000000000000000e+02
1.020000000000000000e+02
1.210000000000000000e+02
1.210000000000000000e+02
1.210000000000000000e+02
1.210000000000000000e+02
1.210000000000000000e+02
1.210000000000000000e+02
1.210000000000000000e+02
1.210000000000000000e+02
1.210000000000000000e+02
1.210000000000000000e+02
1.210000000000000000e+02
1.210000000000000000e+02
1.040000000000000000e+02
1.040000000000000000e+02
1.040000000000000000e+02
1.040000000000000000e+02
1.040000000000000000e+02
1.040000000000000000e+02
1.040000000000000000e+02
1.040000000000000000e+02
1.040000000000000000e+02
1.040000000000000000e+02
1.040000000000000000e+02
1.040000000000000000e+02
1.040000000000000000e+02
1.040000000000000000e+02
1.040000000000000000e+02
1.040000000000000000e+02
1.040000000000000000e+02
1.040000000000000000e+02
1.040000000000000000e+02
1.040000000000000000e+02
8.300000000000000000e+01
8.300000000000000000e+01
8.300000000000000000e+01
8.300000000000000000e+01
8.300000000000000000e+01
8.300000000000000000e+01
8.300000000000000000e+01
8.300000000000000000e+01
8.300000000000000000e+01
8.300000000000000000e+01
8.300000000000000000e+01
8.300000000000000000e+01
1.150000000000000000e+02
1.150000000000000000e+02
1.150000000000000000e+02
1.150000000000000000e+02
1.150000000000000000e+02
1.150000000000000000e+02
1.150000000000000000e+02
1.150000000000000000e+02
1.150000000000000000e+02
1.150000000000000000e+02
1.150000000000000000e+02
1.150000000000000000e+02
1.150000000000000000e+02
9.000000000000000000e+01
9.000000000000000000e+01
9.000000000000000000e+01
9.000000000000000000e+01
9.000000000000000000e+01
9.000000000000000000e+01
9.000000000000000000e+01
9.000000000000000000e+01
9.000000000000000000e+01
9.000000000000000000e+01
9.000000000000000000e+01
9.000000000000000000e+01
1.080000000000000000e+02
1.080000000000000000e+02
1.080000000000000000e+02
1.080000000000000000e+02
1.080000000000000000e+02
1.080000000000000000e+02
1.080000000000000000e+02
1.080000000000000000e+02
1.080000000000000000e+02
1.080000000000000000e+02
1.080000000000000000e+02
1.080000000000000000e+02
1.200000000000000000e+02
1.200000000000000000e+02
1.200000000000000000e+02
1.200000000000000000e+02
1.200000000000000000e+02
1.200000000000000000e+02
1.200000000000000000e+02
1.200000000000000000e+02
1.200000000000000000e+02
1.200000000000000000e+02
1.200000000000000000e+02
1.200000000000000000e+02
4.800000000000000000e+01
4.800000000000000000e+01
4.800000000000000000e+01
4.800000000000000000e+01
4.800000000000000000e+01
4.800000000000000000e+01
4.800000000000000000e+01
4.800000000000000000e+01
4.800000000000000000e+01
4.800000000000000000e+01
4.800000000000000000e+01
4.800000000000000000e+01
4.800000000000000000e+01
4.800000000000000000e+01
4.800000000000000000e+01
4.800000000000000000e+01
4.800000000000000000e+01
4.800000000000000000e+01
4.800000000000000000e+01
4.800000000000000000e+01
4.800000000000000000e+01
4.800000000000000000e+01
4.800000000000000000e+01
4.800000000000000000e+01
4.800000000000000000e+01
4.800000000000000000e+01
4.800000000000000000e+01
4.800000000000000000e+01
9.600000000000000000e+01
9.600000000000000000e+01
9.600000000000000000e+01
9.600000000000000000e+01
9.600000000000000000e+01
9.600000000000000000e+01
9.600000000000000000e+01
9.600000000000000000e+01
4.800000000000000000e+01
4.800000000000000000e+01
4.800000000000000000e+01
4.800000000000000000e+01
4.800000000000000000e+01
4.800000000000000000e+01
4.800000000000000000e+01
4.800000000000000000e+01
4.800000000000000000e+01
4.800000000000000000e+01
4.800000000000000000e+01
4.800000000000000000e+01
1.190000000000000000e+02
1.190000000000000000e+02
1.190000000000000000e+02
1.190000000000000000e+02
1.190000000000000000e+02
1.190000000000000000e+02
1.190000000000000000e+02
1.190000000000000000e+02
1.190000000000000000e+02
1.190000000000000000e+02
1.190000000000000000e+02
1.190000000000000000e+02
3.600000000000000000e+01
3.600000000000000000e+01
3.600000000000000000e+01
3.600000000000000000e+01
3.600000000000000000e+01
3.600000000000000000e+01
3.600000000000000000e+01
3.600000000000000000e+01
3.600000000000000000e+01
3.600000000000000000e+01
3.600000000000000000e+01
3.600000000000000000e+01
3.700000000000000000e+01
3.700000000000000000e+01
3.700000000000000000e+01
3.700000000000000000e+01
3.700000000000000000e+01
3.700000000000000000e+01
3.700000000000000000e+01
3.700000000000000000e+01
3.700000000000000000e+01
3.700000000000000000e+01
3.700000000000000000e+01
3.700000000000000000e+01
3.600000000000000000e+01
3.600000000000000000e+01
3.600000000000000000e+01
3.600000000000000000e+01
3.600000000000000000e+01
3.600000000000000000e+01
3.600000000000000000e+01
3.600000000000000000e+01
3.600000000000000000e+01
3.600000000000000000e+01
3.300000000000000000e+01
3.300000000000000000e+01
3.300000000000000000e+01
3.300000000000000000e+01
3.300000000000000000e+01
3.500000000000000000e+01
3.500000000000000000e+01
3.300000000000000000e+01
3.300000000000000000e+01
3.300000000000000000e+01
3.300000000000000000e+01
3.500000000000000000e+01
3.500000000000000000e+01
3.500000000000000000e+01
3.500000000000000000e+01
3.500000000000000000e+01
3.500000000000000000e+01
3.500000000000000000e+01
3.300000000000000000e+01
3.300000000000000000e+01
3.300000000000000000e+01
3.300000000000000000e+01
4.800000000000000000e+01
4.800000000000000000e+01
4.800000000000000000e+01
4.800000000000000000e+01
3.300000000000000000e+01
3.300000000000000000e+01
3.300000000000000000e+01
3.300000000000000000e+01
3.300000000000000000e+01
3.300000000000000000e+01
3.300000000000000000e+01
3.300000000000000000e+01
3.300000000000000000e+01
3.300000000000000000e+01
3.300000000000000000e+01
4.600000000000000000e+01
4.600000000000000000e+01
4.600000000000000000e+01
4.600000000000000000e+01
4.600000000000000000e+01
4.600000000000000000e+01
4.600000000000000000e+01
4.600000000000000000e+01
6.800000000000000000e+01
6.800000000000000000e+01
6.800000000000000000e+01
6.800000000000000000e+01
6.800000000000000000e+01
6.800000000000000000e+01
6.800000000000000000e+01
6.800000000000000000e+01
6.800000000000000000e+01
6.800000000000000000e+01
6.800000000000000000e+01
4.600000000000000000e+01
4.600000000000000000e+01
4.600000000000000000e+01
4.600000000000000000e+01
4.600000000000000000e+01
4.600000000000000000e+01
4.600000000000000000e+01
4.600000000000000000e+01
1.000000000000000000e+02
1.000000000000000000e+02
1.000000000000000000e+02
1.000000000000000000e+02
1.000000000000000000e+02
1.000000000000000000e+02
1.000000000000000000e+02
1.000000000000000000e+02
1.000000000000000000e+02
1.000000000000000000e+02
1.000000000000000000e+02
1.000000000000000000e+02
1.005000000000000000e+03
1.005000000000000000e+03
1.005000000000000000e+03
1.005000000000000000e+03
1.005000000000000000e+03
1.005000000000000000e+03
1.005000000000000000e+03
1.005000000000000000e+03
1.005000000000000000e+03
1.005000000000000000e+03
1.005000000000000000e+03
1.005000000000000000e+03
1.005000000000000000e+03
1.004000000000000000e+03
1.004000000000000000e+03
1.004000000000000000e+03
1.004000000000000000e+03
1.004000000000000000e+03
1.004000000000000000e+03
1.004000000000000000e+03
1.004000000000000000e+03
1.004000000000000000e+03
1.004000000000000000e+03
1.004000000000000000e+03
1.004000000000000000e+03
1.003000000000000000e+03
1.003000000000000000e+03
1.003000000000000000e+03
1.003000000000000000e+03
1.003000000000000000e+03
1.003000000000000000e+03
1.003000000000000000e+03
1.003000000000000000e+03
1.003000000000000000e+03
1.003000000000000000e+03
1.003000000000000000e+03
1.003000000000000000e+03
1.002000000000000000e+03
1.002000000000000000e+03
1.002000000000000000e+03
1.002000000000000000e+03
1.002000000000000000e+03
1.002000000000000000e+03
1.002000000000000000e+03
1.002000000000000000e+03
1.002000000000000000e+03
1.002000000000000000e+03
1.002000000000000000e+03
1.002000000000000000e+03
1.002000000000000000e+03
1.002000000000000000e+03
1.002000000000000000e+03
1.001000000000000000e+03
1.001000000000000000e+03
1.001000000000000000e+03
1.001000000000000000e+03
1.001000000000000000e+03
1.001000000000000000e+03
1.001000000000000000e+03
1.001000000000000000e+03
1.001000000000000000e+03
1.001000000000000000e+03
1.001000000000000000e+03
1.001000000000000000e+03
1.001000000000000000e+03
1.001000000000000000e+03
1.001000000000000000e+03
1.001000000000000000e+03
1.000000000000000000e+03
1.000000000000000000e+03
1.000000000000000000e+03
1.000000000000000000e+03
1.000000000000000000e+03
1.000000000000000000e+03
1.000000000000000000e+03
1.000000000000000000e+03
1.000000000000000000e+03
1.000000000000000000e+03
1.000000000000000000e+03
1.000000000000000000e+03
1.000000000000000000e+03
1.011000000000000000e+03
1.011000000000000000e+03
1.011000000000000000e+03
1.011000000000000000e+03
1.011000000000000000e+03
1.011000000000000000e+03
1.011000000000000000e+03
1.011000000000000000e+03
1.011000000000000000e+03
1.011000000000000000e+03
1.011000000000000000e+03
1.011000000000000000e+03
1.010000000000000000e+03
1.010000000000000000e+03
1.010000000000000000e+03
1.010000000000000000e+03
1.010000000000000000e+03
1.010000000000000000e+03
1.010000000000000000e+03
1.010000000000000000e+03
1.010000000000000000e+03
1.010000000000000000e+03
1.010000000000000000e+03
1.010000000000000000e+03
1.009000000000000000e+03
1.009000000000000000e+03
1.009000000000000000e+03
1.009000000000000000e+03
1.009000000000000000e+03
1.009000000000000000e+03
1.009000000000000000e+03
1.009000000000000000e+03
1.009000000000000000e+03
1.009000000000000000e+03
1.009000000000000000e+03
1.009000000000000000e+03
1.008000000000000000e+03
1.008000000000000000e+03
1.008000000000000000e+03
1.008000000000000000e+03
1.008000000000000000e+03
1.008000000000000000e+03
1.008000000000000000e+03
1.008000000000000000e+03
1.008000000000000000e+03
1.008000000000000000e+03
1.008000000000000000e+03
1.008000000000000000e+03
1.007000000000000000e+03
1.007000000000000000e+03
1.007000000000000000e+03
1.007000000000000000e+03
1.007000000000000000e+03
1.007000000000000000e+03
1.007000000000000000e+03
1.007000000000000000e+03
1.007000000000000000e+03
1.007000000000000000e+03
1.007000000000000000e+03
1.006000000000000000e+03
1.006000000000000000e+03
1.006000000000000000e+03
1.006000000000000000e+03
1.006000000000000000e+03
1.006000000000000000e+03
1.006000000000000000e+03
1.006000000000000000e+03
1.006000000000000000e+03
1.006000000000000000e+03
1.006000000000000000e+03
1.006000000000000000e+03
1.006000000000000000e+03
1.018000000000000000e+03
1.018000000000000000e+03
1.018000000000000000e+03
1.018000000000000000e+03
1.018000000000000000e+03
1.018000000000000000e+03
1.018000000000000000e+03
1.018000000000000000e+03
1.018000000000000000e+03
1.018000000000000000e+03
1.018000000000000000e+03
1.018000000000000000e+03
1.017000000000000000e+03
1.017000000000000000e+03
1.017000000000000000e+03
1.017000000000000000e+03
1.017000000000000000e+03
1.017000000000000000e+03
1.017000000000000000e+03
1.017000000000000000e+03
1.017000000000000000e+03
1.017000000000000000e+03
1.017000000000000000e+03
1.017000000000000000e+03
1.016000000000000000e+03
1.016000000000000000e+03
1.016000000000000000e+03
1.016000000000000000e+03
1.016000000000000000e+03
1.016000000000000000e+03
1.016000000000000000e+03
1.016000000000000000e+03
1.016000000000000000e+03
1.016000000000000000e+03
1.016000000000000000e+03
1.016000000000000000e+03
1.015000000000000000e+03
1.015000000000000000e+03
1.015000000000000000e+03
1.015000000000000000e+03
1.015000000000000000e+03
1.015000000000000000e+03
1.015000000000000000e+03
1.015000000000000000e+03
1.015000000000000000e+03
1.015000000000000000e+03
1.015000000000000000e+03
1.015000000000000000e+03
1.014000000000000000e+03
1.014000000000000000e+03
1.014000000000000000e+03
1.014000000000000000e+03
1.014000000000000000e+03
1.014000000000000000e+03
1.014000000000000000e+03
1.014000000000000000e+03
1.014000000000000000e+03
1.014000000000000000e+03
1.014000000000000000e+03
1.014000000000000000e+03
1.013000000000000000e+03
1.013000000000000000e+03
1.013000000000000000e+03
1.013000000000000000e+03
1.013000000000000000e+03
1.013000000000000000e+03
1.013000000000000000e+03
1.013000000000000000e+03
1.013000000000000000e+03
1.013000000000000000e+03
1.013000000000000000e+03
1.013000000000000000e+03
1.012000000000000000e+03
1.012000000000000000e+03
1.012000000000000000e+03
1.012000000000000000e+03
1.012000000000000000e+03
1.012000000000000000e+03
1.012000000000000000e+03
1.012000000000000000e+03
1.012000000000000000e+03
1.012000000000000000e+03
1.012000000000000000e+03
1.012000000000000000e+03
1.025000000000000000e+03
1.025000000000000000e+03
1.025000000000000000e+03
1.025000000000000000e+03
1.025000000000000000e+03
1.025000000000000000e+03
1.025000000000000000e+03
1.025000000000000000e+03
1.025000000000000000e+03
1.025000000000000000e+03
1.025000000000000000e+03
1.025000000000000000e+03
1.024000000000000000e+03
1.024000000000000000e+03
1.024000000000000000e+03
1.024000000000000000e+03
1.024000000000000000e+03
1.024000000000000000e+03
1.024000000000000000e+03
1.024000000000000000e+03
1.024000000000000000e+03
1.024000000000000000e+03
1.024000000000000000e+03
1.024000000000000000e+03
1.023000000000000000e+03
1.023000000000000000e+03
1.023000000000000000e+03
1.023000000000000000e+03
1.023000000000000000e+03
1.023000000000000000e+03
1.023000000000000000e+03
1.023000000000000000e+03
1.023000000000000000e+03
1.023000000000000000e+03
1.023000000000000000e+03
1.023000000000000000e+03
1.022000000000000000e+03
1.022000000000000000e+03
1.022000000000000000e+03
1.022000000000000000e+03
1.022000000000000000e+03
1.022000000000000000e+03
1.022000000000000000e+03
1.022000000000000000e+03
1.022000000000000000e+03
1.022000000000000000e+03
1.022000000000000000e+03
1.022000000000000000e+03
1.021000000000000000e+03
1.021000000000000000e+03
1.021000000000000000e+03
1.021000000000000000e+03
1.021000000000000000e+03
1.021000000000000000e+03
1.021000000000000000e+03
1.021000000000000000e+03
1.021000000000000000e+03
1.021000000000000000e+03
1.021000000000000000e+03
1.021000000000000000e+03
1.020000000000000000e+03
1.020000000000000000e+03
1.020000000000000000e+03
1.020000000000000000e+03
1.020000000000000000e+03
1.020000000000000000e+03
1.020000000000000000e+03
1.020000000000000000e+03
1.020000000000000000e+03
1.020000000000000000e+03
1.020000000000000000e+03
1.020000000000000000e+03
1.019000000000000000e+03
1.019000000000000000e+03
1.019000000000000000e+03
1.019000000000000000e+03
1.019000000000000000e+03
1.019000000000000000e+03
1.019000000000000000e+03
1.019000000000000000e+03
1.019000000000000000e+03
1.019000000000000000e+03
1.019000000000000000e+03
1.019000000000000000e+03
1.032000000000000000e+03
1.032000000000000000e+03
1.032000000000000000e+03
1.032000000000000000e+03
1.032000000000000000e+03
1.032000000000000000e+03
1.032000000000000000e+03
1.032000000000000000e+03
1.032000000000000000e+03
1.032000000000000000e+03
1.032000000000000000e+03
1.032000000000000000e+03
1.031000000000000000e+03
1.031000000000000000e+03
1.031000000000000000e+03
1.031000000000000000e+03
1.031000000000000000e+03
1.031000000000000000e+03
1.031000000000000000e+03
1.031000000000000000e+03
1.031000000000000000e+03
1.031000000000000000e+03
1.031000000000000000e+03
1.031000000000000000e+03
1.030000000000000000e+03
1.030000000000000000e+03
1.030000000000000000e+03
1.030000000000000000e+03
1.030000000000000000e+03
1.030000000000000000e+03
1.030000000000000000e+03
1.030000000000000000e+03
1.030000000000000000e+03
1.030000000000000000e+03
1.030000000000000000e+03
1.030000000000000000e+03
1.029000000000000000e+03
1.029000000000000000e+03
1.029000000000000000e+03
1.029000000000000000e+03
1.029000000000000000e+03
1.029000000000000000e+03
1.029000000000000000e+03
1.029000000000000000e+03
1.029000000000000000e+03
1.029000000000000000e+03
1.029000000000000000e+03
1.029000000000000000e+03
1.028000000000000000e+03
1.028000000000000000e+03
1.028000000000000000e+03
1.028000000000000000e+03
1.028000000000000000e+03
1.028000000000000000e+03
1.028000000000000000e+03
1.028000000000000000e+03
1.028000000000000000e+03
1.028000000000000000e+03
1.028000000000000000e+03
1.028000000000000000e+03
1.027000000000000000e+03
1.027000000000000000e+03
1.027000000000000000e+03
1.027000000000000000e+03
1.027000000000000000e+03
1.027000000000000000e+03
1.027000000000000000e+03
1.027000000000000000e+03
1.027000000000000000e+03
1.027000000000000000e+03
1.027000000000000000e+03
1.027000000000000000e+03
1.026000000000000000e+03
1.026000000000000000e+03
1.026000000000000000e+03
1.026000000000000000e+03
1.026000000000000000e+03
1.026000000000000000e+03
1.026000000000000000e+03
1.026000000000000000e+03
1.026000000000000000e+03
1.026000000000000000e+03
1.026000000000000000e+03
1.026000000000000000e+03
1.034000000000000000e+03
1.034000000000000000e+03
1.034000000000000000e+03
1.034000000000000000e+03
1.034000000000000000e+03
1.034000000000000000e+03
1.034000000000000000e+03
1.034000000000000000e+03
1.034000000000000000e+03
1.034000000000000000e+03
1.034000000000000000e+03
1.034000000000000000e+03
1.041000000000000000e+03
1.041000000000000000e+03
1.041000000000000000e+03
1.041000000000000000e+03
1.041000000000000000e+03
1.041000000000000000e+03
1.041000000000000000e+03
1.041000000000000000e+03
1.041000000000000000e+03
1.041000000000000000e+03
1.041000000000000000e+03
1.041000000000000000e+03
1.040000000000000000e+03
1.040000000000000000e+03
1.040000000000000000e+03
1.040000000000000000e+03
1.040000000000000000e+03
1.040000000000000000e+03
1.040000000000000000e+03
1.040000000000000000e+03
1.040000000000000000e+03
1.040000000000000000e+03
1.040000000000000000e+03
1.040000000000000000e+03
1.039000000000000000e+03
1.039000000000000000e+03
1.039000000000000000e+03
1.039000000000000000e+03
1.039000000000000000e+03
1.039000000000000000e+03
1.039000000000000000e+03
1.039000000000000000e+03
1.039000000000000000e+03
1.039000000000000000e+03
1.039000000000000000e+03
1.039000000000000000e+03
1.038000000000000000e+03
1.038000000000000000e+03
1.038000000000000000e+03
1.038000000000000000e+03
1.038000000000000000e+03
1.038000000000000000e+03
1.038000000000000000e+03
1.038000000000000000e+03
1.038000000000000000e+03
1.038000000000000000e+03
1.038000000000000000e+03
1.038000000000000000e+03
1.037000000000000000e+03
1.037000000000000000e+03
1.037000000000000000e+03
1.037000000000000000e+03
1.037000000000000000e+03
1.037000000000000000e+03
1.037000000000000000e+03
1.037000000000000000e+03
1.037000000000000000e+03
1.037000000000000000e+03
1.037000000000000000e+03
1.037000000000000000e+03
1.036000000000000000e+03
1.036000000000000000e+03
1.036000000000000000e+03
1.036000000000000000e+03
1.036000000000000000e+03
1.036000000000000000e+03
1.036000000000000000e+03
1.036000000000000000e+03
1.036000000000000000e+03
1.036000000000000000e+03
1.036000000000000000e+03
1.036000000000000000e+03
1.035000000000000000e+03
1.035000000000000000e+03
1.035000000000000000e+03
1.035000000000000000e+03
1.035000000000000000e+03
1.035000000000000000e+03
1.035000000000000000e+03
1.035000000000000000e+03
1.035000000000000000e+03
1.035000000000000000e+03
1.035000000000000000e+03
1.035000000000000000e+03
1.047000000000000000e+03
1.047000000000000000e+03
1.047000000000000000e+03
1.047000000000000000e+03
1.047000000000000000e+03
1.047000000000000000e+03
1.047000000000000000e+03
1.047000000000000000e+03
1.047000000000000000e+03
1.047000000000000000e+03
1.047000000000000000e+03
1.047000000000000000e+03
1.046000000000000000e+03
1.046000000000000000e+03
1.046000000000000000e+03
1.046000000000000000e+03
1.046000000000000000e+03
1.046000000000000000e+03
1.046000000000000000e+03
1.046000000000000000e+03
1.046000000000000000e+03
1.046000000000000000e+03
1.046000000000000000e+03
1.046000000000000000e+03
1.045000000000000000e+03
1.045000000000000000e+03
1.045000000000000000e+03
1.045000000000000000e+03
1.045000000000000000e+03
1.045000000000000000e+03
1.045000000000000000e+03
1.045000000000000000e+03
1.045000000000000000e+03
1.045000000000000000e+03
1.045000000000000000e+03
1.045000000000000000e+03
1.044000000000000000e+03
1.044000000000000000e+03
1.044000000000000000e+03
1.044000000000000000e+03
1.044000000000000000e+03
1.044000000000000000e+03
1.044000000000000000e+03
1.044000000000000000e+03
1.044000000000000000e+03
1.044000000000000000e+03
1.044000000000000000e+03
1.044000000000000000e+03
1.043000000000000000e+03
1.043000000000000000e+03
1.043000000000000000e+03
1.043000000000000000e+03
1.043000000000000000e+03
1.043000000000000000e+03
1.043000000000000000e+03
1.043000000000000000e+03
1.043000000000000000e+03
1.043000000000000000e+03
1.043000000000000000e+03
1.043000000000000000e+03
1.042000000000000000e+03
1.042000000000000000e+03
1.042000000000000000e+03
1.042000000000000000e+03
1.042000000000000000e+03
1.042000000000000000e+03
1.042000000000000000e+03
1.042000000000000000e+03
1.042000000000000000e+03
1.042000000000000000e+03
1.042000000000000000e+03
1.042000000000000000e+03
1.054000000000000000e+03
1.054000000000000000e+03
1.054000000000000000e+03
1.054000000000000000e+03
1.054000000000000000e+03
1.054000000000000000e+03
1.054000000000000000e+03
1.054000000000000000e+03
1.054000000000000000e+03
1.054000000000000000e+03
1.054000000000000000e+03
1.054000000000000000e+03
1.053000000000000000e+03
1.053000000000000000e+03
1.053000000000000000e+03
1.053000000000000000e+03
1.053000000000000000e+03
1.053000000000000000e+03
1.053000000000000000e+03
1.053000000000000000e+03
1.053000000000000000e+03
1.053000000000000000e+03
1.053000000000000000e+03
1.053000000000000000e+03
1.052000000000000000e+03
1.052000000000000000e+03
1.052000000000000000e+03
1.052000000000000000e+03
1.052000000000000000e+03
1.052000000000000000e+03
1.052000000000000000e+03
1.052000000000000000e+03
1.052000000000000000e+03
1.052000000000000000e+03
1.052000000000000000e+03
1.052000000000000000e+03
1.051000000000000000e+03
1.051000000000000000e+03
1.051000000000000000e+03
1.051000000000000000e+03
1.051000000000000000e+03
1.051000000000000000e+03
1.051000000000000000e+03
1.051000000000000000e+03
1.051000000000000000e+03
1.051000000000000000e+03
1.051000000000000000e+03
1.051000000000000000e+03
1.050000000000000000e+03
1.050000000000000000e+03
1.050000000000000000e+03
1.050000000000000000e+03
1.050000000000000000e+03
1.050000000000000000e+03
1.050000000000000000e+03
1.050000000000000000e+03
1.050000000000000000e+03
1.050000000000000000e+03
1.050000000000000000e+03
1.050000000000000000e+03
1.049000000000000000e+03
1.049000000000000000e+03
1.049000000000000000e+03
1.049000000000000000e+03
1.049000000000000000e+03
1.049000000000000000e+03
1.049000000000000000e+03
1.049000000000000000e+03
1.049000000000000000e+03
1.049000000000000000e+03
1.049000000000000000e+03
1.049000000000000000e+03
1.048000000000000000e+03
1.048000000000000000e+03
1.048000000000000000e+03
1.048000000000000000e+03
1.048000000000000000e+03
1.048000000000000000e+03
1.048000000000000000e+03
1.048000000000000000e+03
1.048000000000000000e+03
1.048000000000000000e+03
1.048000000000000000e+03
1.048000000000000000e+03
1.060000000000000000e+03
1.060000000000000000e+03
1.060000000000000000e+03
1.060000000000000000e+03
1.060000000000000000e+03
1.060000000000000000e+03
1.060000000000000000e+03
1.060000000000000000e+03
1.060000000000000000e+03
1.060000000000000000e+03
1.060000000000000000e+03
1.060000000000000000e+03
1.059000000000000000e+03
1.059000000000000000e+03
1.059000000000000000e+03
1.059000000000000000e+03
1.059000000000000000e+03
1.059000000000000000e+03
1.059000000000000000e+03
1.059000000000000000e+03
1.059000000000000000e+03
1.059000000000000000e+03
1.059000000000000000e+03
1.059000000000000000e+03
1.058000000000000000e+03
1.058000000000000000e+03
1.058000000000000000e+03
1.058000000000000000e+03
1.058000000000000000e+03
1.058000000000000000e+03
1.058000000000000000e+03
1.058000000000000000e+03
1.058000000000000000e+03
1.058000000000000000e+03
1.058000000000000000e+03
1.058000000000000000e+03
1.057000000000000000e+03
1.057000000000000000e+03
1.057000000000000000e+03
1.057000000000000000e+03
1.057000000000000000e+03
1.057000000000000000e+03
1.057000000000000000e+03
1.057000000000000000e+03
1.057000000000000000e+03
1.057000000000000000e+03
1.057000000000000000e+03
1.057000000000000000e+03
1.056000000000000000e+03
1.056000000000000000e+03
1.056000000000000000e+03
1.056000000000000000e+03
1.056000000000000000e+03
1.056000000000000000e+03
1.056000000000000000e+03
1.056000000000000000e+03
1.056000000000000000e+03
1.056000000000000000e+03
1.056000000000000000e+03
1.056000000000000000e+03
1.055000000000000000e+03
1.055000000000000000e+03
1.055000000000000000e+03
1.055000000000000000e+03
1.055000000000000000e+03
1.055000000000000000e+03
1.055000000000000000e+03
1.055000000000000000e+03
1.055000000000000000e+03
1.055000000000000000e+03
1.055000000000000000e+03
1.055000000000000000e+03
1.064000000000000000e+03
1.064000000000000000e+03
1.064000000000000000e+03
1.064000000000000000e+03
1.064000000000000000e+03
1.064000000000000000e+03
1.064000000000000000e+03
1.064000000000000000e+03
1.064000000000000000e+03
1.064000000000000000e+03
1.064000000000000000e+03
1.064000000000000000e+03
1.063000000000000000e+03
1.063000000000000000e+03
1.063000000000000000e+03
1.063000000000000000e+03
1.063000000000000000e+03
1.063000000000000000e+03
1.063000000000000000e+03
1.063000000000000000e+03
1.063000000000000000e+03
1.063000000000000000e+03
1.063000000000000000e+03
1.062000000000000000e+03
1.062000000000000000e+03
1.062000000000000000e+03
1.062000000000000000e+03
1.062000000000000000e+03
1.062000000000000000e+03
1.062000000000000000e+03
1.062000000000000000e+03
1.062000000000000000e+03
1.062000000000000000e+03
1.062000000000000000e+03
1.062000000000000000e+03
1.061000000000000000e+03
1.061000000000000000e+03
1.061000000000000000e+03
1.061000000000000000e+03
1.061000000000000000e+03
1.061000000000000000e+03
1.061000000000000000e+03
1.061000000000000000e+03
1.061000000000000000e+03
1.061000000000000000e+03
1.061000000000000000e+03
1.061000000000000000e+03
1.071000000000000000e+03
1.071000000000000000e+03
1.071000000000000000e+03
1.071000000000000000e+03
1.071000000000000000e+03
1.071000000000000000e+03
1.071000000000000000e+03
1.071000000000000000e+03
1.071000000000000000e+03
1.071000000000000000e+03
1.071000000000000000e+03
1.071000000000000000e+03
1.070000000000000000e+03
1.070000000000000000e+03
1.070000000000000000e+03
1.070000000000000000e+03
1.070000000000000000e+03
1.070000000000000000e+03
1.070000000000000000e+03
1.070000000000000000e+03
1.070000000000000000e+03
1.070000000000000000e+03
1.070000000000000000e+03
1.070000000000000000e+03
1.069000000000000000e+03
1.069000000000000000e+03
1.069000000000000000e+03
1.069000000000000000e+03
1.069000000000000000e+03
1.069000000000000000e+03
1.069000000000000000e+03
1.069000000000000000e+03
1.069000000000000000e+03
1.069000000000000000e+03
1.069000000000000000e+03
1.069000000000000000e+03
1.069000000000000000e+03
1.068000000000000000e+03
1.068000000000000000e+03
1.068000000000000000e+03
1.068000000000000000e+03
1.068000000000000000e+03
1.068000000000000000e+03
1.068000000000000000e+03
1.068000000000000000e+03
1.068000000000000000e+03
1.068000000000000000e+03
1.068000000000000000e+03
1.068000000000000000e+03
1.067000000000000000e+03
1.067000000000000000e+03
1.067000000000000000e+03
1.067000000000000000e+03
1.067000000000000000e+03
1.067000000000000000e+03
1.067000000000000000e+03
1.067000000000000000e+03
1.067000000000000000e+03
1.067000000000000000e+03
1.067000000000000000e+03
1.067000000000000000e+03
1.066000000000000000e+03
1.066000000000000000e+03
1.066000000000000000e+03
1.066000000000000000e+03
1.066000000000000000e+03
1.066000000000000000e+03
1.066000000000000000e+03
1.066000000000000000e+03
1.066000000000000000e+03
1.066000000000000000e+03
1.066000000000000000e+03
1.066000000000000000e+03
1.065000000000000000e+03
1.065000000000000000e+03
1.065000000000000000e+03
1.065000000000000000e+03
1.065000000000000000e+03
1.065000000000000000e+03
1.065000000000000000e+03
1.065000000000000000e+03
1.065000000000000000e+03
1.065000000000000000e+03
1.065000000000000000e+03
1.065000000000000000e+03
1.077000000000000000e+03
1.077000000000000000e+03
1.077000000000000000e+03
1.077000000000000000e+03
1.077000000000000000e+03
1.077000000000000000e+03
1.077000000000000000e+03
1.077000000000000000e+03
1.077000000000000000e+03
1.077000000000000000e+03
1.077000000000000000e+03
1.077000000000000000e+03
1.076000000000000000e+03
1.076000000000000000e+03
1.076000000000000000e+03
1.076000000000000000e+03
1.076000000000000000e+03
1.076000000000000000e+03
1.076000000000000000e+03
1.076000000000000000e+03
1.076000000000000000e+03
1.076000000000000000e+03
1.076000000000000000e+03
1.076000000000000000e+03
1.075000000000000000e+03
1.075000000000000000e+03
1.075000000000000000e+03
1.075000000000000000e+03
1.075000000000000000e+03
1.075000000000000000e+03
1.075000000000000000e+03
1.075000000000000000e+03
1.075000000000000000e+03
1.075000000000000000e+03
1.075000000000000000e+03
1.075000000000000000e+03
1.074000000000000000e+03
1.074000000000000000e+03
1.074000000000000000e+03
1.074000000000000000e+03
1.074000000000000000e+03
1.074000000000000000e+03
1.074000000000000000e+03
1.074000000000000000e+03
1.074000000000000000e+03
1.074000000000000000e+03
1.074000000000000000e+03
1.074000000000000000e+03
1.073000000000000000e+03
1.073000000000000000e+03
1.073000000000000000e+03
1.073000000000000000e+03
1.073000000000000000e+03
1.073000000000000000e+03
1.073000000000000000e+03
1.073000000000000000e+03
1.073000000000000000e+03
1.073000000000000000e+03
1.073000000000000000e+03
1.073000000000000000e+03
1.072000000000000000e+03
1.072000000000000000e+03
1.072000000000000000e+03
1.072000000000000000e+03
1.072000000000000000e+03
1.072000000000000000e+03
1.072000000000000000e+03
1.072000000000000000e+03
1.072000000000000000e+03
1.072000000000000000e+03
1.072000000000000000e+03
1.072000000000000000e+03
