1.100000000000000000e+02
1.100000000000000000e+02
1.100000000000000000e+02
1.100000000000000000e+02
1.100000000000000000e+02
1.100000000000000000e+02
1.100000000000000000e+02
1.100000000000000000e+02
1.100000000000000000e+02
1.100000000000000000e+02
1.100000000000000000e+02
1.100000000000000000e+02
7.000000000000000000e+01
7.000000000000000000e+01
7.000000000000000000e+01
7.000000000000000000e+01
7.000000000000000000e+01
7.000000000000000000e+01
7.000000000000000000e+01
7.000000000000000000e+01
7.000000000000000000e+01
7.000000000000000000e+01
7.000000000000000000e+01
7.000000000000000000e+01
8.000000000000000000e+01
8.000000000000000000e+01
8.000000000000000000e+01
8.000000000000000000e+01
8.000000000000000000e+01
8.000000000000000000e+01
8.000000000000000000e+01
8.000000000000000000e+01
8.000000000000000000e+01
8.000000000000000000e+01
8.000000000000000000e+01
8.000000000000000000e+01
7.700000000000000000e+01
7.700000000000000000e+01
7.700000000000000000e+01
7.700000000000000000e+01
7.700000000000000000e+01
7.700000000000000000e+01
7.700000000000000000e+01
7.700000000000000000e+01
7.700000000000000000e+01
7.700000000000000000e+01
4.600000000000000000e+01
7.700000000000000000e+01
4.600000000000000000e+01
7.700000000000000000e+01
4.600000000000000000e+01
1.160000000000000000e+02
1.160000000000000000e+02
1.160000000000000000e+02
1.160000000000000000e+02
1.160000000000000000e+02
1.160000000000000000e+02
1.160000000000000000e+02
1.160000000000000000e+02
1.160000000000000000e+02
1.160000000000000000e+02
1.160000000000000000e+02
1.160000000000000000e+02
3.300000000000000000e+01
3.300000000000000000e+01
3.300000000000000000e+01
3.300000000000000000e+01
3.300000000000000000e+01
3.600000000000000000e+01
3.300000000000000000e+01
3.300000000000000000e+01
3.600000000000000000e+01
3.300000000000000000e+01
3.600000000000000000e+01
3.600000000000000000e+01
