1.200000000000000000e+02
1.200000000000000000e+02
1.200000000000000000e+02
1.200000000000000000e+02
1.200000000000000000e+02
1.200000000000000000e+02
1.200000000000000000e+02
1.200000000000000000e+02
1.200000000000000000e+02
1.200000000000000000e+02
1.200000000000000000e+02
1.200000000000000000e+02
4.800000000000000000e+01
4.800000000000000000e+01
4.800000000000000000e+01
4.800000000000000000e+01
4.800000000000000000e+01
4.800000000000000000e+01
4.800000000000000000e+01
4.800000000000000000e+01
4.800000000000000000e+01
4.800000000000000000e+01
4.800000000000000000e+01
4.800000000000000000e+01
4.800000000000000000e+01
4.800000000000000000e+01
4.800000000000000000e+01
4.800000000000000000e+01
4.800000000000000000e+01
4.800000000000000000e+01
4.800000000000000000e+01
4.800000000000000000e+01
4.800000000000000000e+01
4.800000000000000000e+01
4.800000000000000000e+01
4.800000000000000000e+01
9.600000000000000000e+01
9.600000000000000000e+01
9.600000000000000000e+01
9.600000000000000000e+01
9.600000000000000000e+01
9.600000000000000000e+01
9.600000000000000000e+01
9.600000000000000000e+01
9.600000000000000000e+01
9.600000000000000000e+01
9.600000000000000000e+01
9.600000000000000000e+01
4.800000000000000000e+01
4.800000000000000000e+01
4.800000000000000000e+01
4.800000000000000000e+01
4.800000000000000000e+01
4.800000000000000000e+01
4.800000000000000000e+01
4.800000000000000000e+01
4.800000000000000000e+01
4.800000000000000000e+01
4.800000000000000000e+01
4.800000000000000000e+01
