6.800000000000000000e+01
1.160000000000000000e+02
1.150000000000000000e+02
1.220000000000000000e+02
1.000000000000000000e+02
3.300000000000000000e+01
3.300000000000000000e+01
1.220000000000000000e+02
1.150000000000000000e+02
4.800000000000000000e+01
3.500000000000000000e+01
6.800000000000000000e+01
1.120000000000000000e+02
3.300000000000000000e+01
7.100000000000000000e+01
7.100000000000000000e+01
1.080000000000000000e+02
1.080000000000000000e+02
3.300000000000000000e+01
7.700000000000000000e+01
1.120000000000000000e+02
7.700000000000000000e+01
3.500000000000000000e+01
1.160000000000000000e+02
7.100000000000000000e+01
1.000000000000000000e+02
3.300000000000000000e+01
3.300000000000000000e+01
7.100000000000000000e+01
1.220000000000000000e+02
1.220000000000000000e+02
1.150000000000000000e+02
3.300000000000000000e+01
1.080000000000000000e+02
7.000000000000000000e+01
7.700000000000000000e+01
1.120000000000000000e+02
7.700000000000000000e+01
4.100000000000000000e+01
3.500000000000000000e+01
3.500000000000000000e+01
1.160000000000000000e+02
6.800000000000000000e+01
1.000000000000000000e+02
7.100000000000000000e+01
1.220000000000000000e+02
3.300000000000000000e+01
3.300000000000000000e+01
1.220000000000000000e+02
1.150000000000000000e+02
1.080000000000000000e+02
1.080000000000000000e+02
1.120000000000000000e+02
7.000000000000000000e+01
7.700000000000000000e+01
1.120000000000000000e+02
4.100000000000000000e+01
3.500000000000000000e+01
