1.160000000000000000e+02
1.070000000000000000e+02
9.000000000000000000e+01
9.800000000000000000e+01
1.120000000000000000e+02
1.070000000000000000e+02
9.000000000000000000e+01
7.400000000000000000e+01
1.070000000000000000e+02
7.900000000000000000e+01
1.160000000000000000e+02
3.600000000000000000e+01
1.060000000000000000e+02
3.300000000000000000e+01
7.100000000000000000e+01
7.500000000000000000e+01
3.300000000000000000e+01
1.080000000000000000e+02
1.140000000000000000e+02
3.300000000000000000e+01
1.030000000000000000e+02
1.110000000000000000e+02
7.900000000000000000e+01
1.160000000000000000e+02
3.600000000000000000e+01
1.060000000000000000e+02
3.300000000000000000e+01
7.100000000000000000e+01
7.500000000000000000e+01
3.300000000000000000e+01
1.080000000000000000e+02
1.140000000000000000e+02
1.120000000000000000e+02
3.300000000000000000e+01
1.030000000000000000e+02
1.110000000000000000e+02
7.900000000000000000e+01
3.600000000000000000e+01
1.060000000000000000e+02
9.000000000000000000e+01
9.800000000000000000e+01
7.100000000000000000e+01
7.500000000000000000e+01
7.800000000000000000e+01
1.080000000000000000e+02
1.140000000000000000e+02
1.120000000000000000e+02
9.000000000000000000e+01
9.000000000000000000e+01
9.000000000000000000e+01
1.120000000000000000e+02
1.070000000000000000e+02
9.000000000000000000e+01
9.800000000000000000e+01
1.120000000000000000e+02
1.160000000000000000e+02
1.140000000000000000e+02
1.030000000000000000e+02
1.110000000000000000e+02
7.900000000000000000e+01
1.160000000000000000e+02
3.600000000000000000e+01
1.060000000000000000e+02
3.300000000000000000e+01
7.100000000000000000e+01
7.500000000000000000e+01
3.300000000000000000e+01
1.080000000000000000e+02
1.140000000000000000e+02
3.300000000000000000e+01
1.030000000000000000e+02
1.110000000000000000e+02
7.900000000000000000e+01
1.160000000000000000e+02
3.600000000000000000e+01
1.070000000000000000e+02
1.070000000000000000e+02
1.060000000000000000e+02
9.000000000000000000e+01
9.800000000000000000e+01
7.100000000000000000e+01
7.500000000000000000e+01
7.800000000000000000e+01
1.080000000000000000e+02
1.140000000000000000e+02
1.120000000000000000e+02
1.030000000000000000e+02
1.110000000000000000e+02
7.900000000000000000e+01
3.600000000000000000e+01
1.060000000000000000e+02
9.000000000000000000e+01
9.800000000000000000e+01
7.100000000000000000e+01
7.500000000000000000e+01
7.800000000000000000e+01
1.080000000000000000e+02
1.120000000000000000e+02
1.070000000000000000e+02
9.000000000000000000e+01
9.800000000000000000e+01
1.120000000000000000e+02
1.160000000000000000e+02
1.160000000000000000e+02
1.140000000000000000e+02
1.030000000000000000e+02
1.110000000000000000e+02
7.900000000000000000e+01
1.160000000000000000e+02
3.600000000000000000e+01
1.060000000000000000e+02
3.300000000000000000e+01
7.100000000000000000e+01
7.500000000000000000e+01
3.300000000000000000e+01
1.080000000000000000e+02
1.140000000000000000e+02
1.030000000000000000e+02
1.110000000000000000e+02
7.900000000000000000e+01
1.070000000000000000e+02
1.160000000000000000e+02
3.600000000000000000e+01
1.060000000000000000e+02
9.000000000000000000e+01
9.800000000000000000e+01
7.100000000000000000e+01
7.500000000000000000e+01
7.800000000000000000e+01
1.080000000000000000e+02
1.140000000000000000e+02
1.120000000000000000e+02
1.030000000000000000e+02
1.110000000000000000e+02
7.900000000000000000e+01
3.600000000000000000e+01
1.060000000000000000e+02
9.000000000000000000e+01
9.800000000000000000e+01
7.100000000000000000e+01
7.500000000000000000e+01
7.800000000000000000e+01
1.080000000000000000e+02
