4.600000000000000000e+01
4.600000000000000000e+01
4.600000000000000000e+01
4.600000000000000000e+01
4.600000000000000000e+01
4.600000000000000000e+01
3.300000000000000000e+01
1.220000000000000000e+02
3.600000000000000000e+01
3.300000000000000000e+01
6.800000000000000000e+01
3.600000000000000000e+01
3.300000000000000000e+01
1.000000000000000000e+02
3.600000000000000000e+01
3.300000000000000000e+01
1.220000000000000000e+02
3.600000000000000000e+01
3.300000000000000000e+01
6.800000000000000000e+01
3.600000000000000000e+01
3.300000000000000000e+01
1.000000000000000000e+02
3.600000000000000000e+01
6.800000000000000000e+01
1.000000000000000000e+02
6.800000000000000000e+01
1.000000000000000000e+02
3.300000000000000000e+01
1.220000000000000000e+02
3.600000000000000000e+01
3.300000000000000000e+01
3.600000000000000000e+01
3.300000000000000000e+01
3.600000000000000000e+01
3.300000000000000000e+01
1.220000000000000000e+02
3.600000000000000000e+01
3.300000000000000000e+01
3.600000000000000000e+01
3.300000000000000000e+01
3.600000000000000000e+01
3.300000000000000000e+01
1.220000000000000000e+02
3.600000000000000000e+01
3.300000000000000000e+01
6.800000000000000000e+01
3.600000000000000000e+01
3.300000000000000000e+01
1.000000000000000000e+02
3.600000000000000000e+01
3.300000000000000000e+01
1.220000000000000000e+02
3.600000000000000000e+01
3.300000000000000000e+01
6.800000000000000000e+01
3.600000000000000000e+01
3.300000000000000000e+01
1.000000000000000000e+02
3.600000000000000000e+01
3.300000000000000000e+01
1.220000000000000000e+02
3.600000000000000000e+01
3.300000000000000000e+01
6.800000000000000000e+01
3.600000000000000000e+01
3.300000000000000000e+01
1.000000000000000000e+02
3.600000000000000000e+01
3.300000000000000000e+01
1.220000000000000000e+02
3.600000000000000000e+01
3.300000000000000000e+01
6.800000000000000000e+01
3.600000000000000000e+01
3.300000000000000000e+01
1.000000000000000000e+02
3.600000000000000000e+01
3.300000000000000000e+01
1.220000000000000000e+02
3.600000000000000000e+01
3.300000000000000000e+01
6.800000000000000000e+01
3.600000000000000000e+01
3.300000000000000000e+01
1.000000000000000000e+02
3.600000000000000000e+01
3.300000000000000000e+01
1.220000000000000000e+02
3.600000000000000000e+01
3.300000000000000000e+01
6.800000000000000000e+01
3.600000000000000000e+01
3.300000000000000000e+01
1.000000000000000000e+02
3.600000000000000000e+01
