1.011000000000000000e+03
1.011000000000000000e+03
1.011000000000000000e+03
1.011000000000000000e+03
1.011000000000000000e+03
1.011000000000000000e+03
1.011000000000000000e+03
1.011000000000000000e+03
1.011000000000000000e+03
1.011000000000000000e+03
1.011000000000000000e+03
1.011000000000000000e+03
1.010000000000000000e+03
1.010000000000000000e+03
1.010000000000000000e+03
1.010000000000000000e+03
1.010000000000000000e+03
1.010000000000000000e+03
1.010000000000000000e+03
1.010000000000000000e+03
1.010000000000000000e+03
1.010000000000000000e+03
1.010000000000000000e+03
1.010000000000000000e+03
1.009000000000000000e+03
1.009000000000000000e+03
1.009000000000000000e+03
1.009000000000000000e+03
1.009000000000000000e+03
1.009000000000000000e+03
1.009000000000000000e+03
1.009000000000000000e+03
1.009000000000000000e+03
1.009000000000000000e+03
1.009000000000000000e+03
1.009000000000000000e+03
1.008000000000000000e+03
1.008000000000000000e+03
1.008000000000000000e+03
1.008000000000000000e+03
1.008000000000000000e+03
1.008000000000000000e+03
1.008000000000000000e+03
1.008000000000000000e+03
1.008000000000000000e+03
1.008000000000000000e+03
1.008000000000000000e+03
1.008000000000000000e+03
1.007000000000000000e+03
1.007000000000000000e+03
1.007000000000000000e+03
1.007000000000000000e+03
1.007000000000000000e+03
1.007000000000000000e+03
1.007000000000000000e+03
1.007000000000000000e+03
1.007000000000000000e+03
1.007000000000000000e+03
1.007000000000000000e+03
1.006000000000000000e+03
1.006000000000000000e+03
1.006000000000000000e+03
1.006000000000000000e+03
1.006000000000000000e+03
1.006000000000000000e+03
1.006000000000000000e+03
1.006000000000000000e+03
1.006000000000000000e+03
1.006000000000000000e+03
1.006000000000000000e+03
1.006000000000000000e+03
1.006000000000000000e+03
