4.600000000000000000e+01
4.600000000000000000e+01
4.600000000000000000e+01
4.600000000000000000e+01
1.050000000000000000e+02
1.040000000000000000e+02
1.040000000000000000e+02
1.160000000000000000e+02
1.140000000000000000e+02
1.140000000000000000e+02
1.070000000000000000e+02
1.140000000000000000e+02
3.300000000000000000e+01
3.300000000000000000e+01
1.140000000000000000e+02
3.600000000000000000e+01
3.300000000000000000e+01
3.300000000000000000e+01
1.060000000000000000e+02
3.300000000000000000e+01
3.600000000000000000e+01
3.300000000000000000e+01
9.400000000000000000e+01
9.400000000000000000e+01
4.800000000000000000e+01
3.500000000000000000e+01
