1.005000000000000000e+03
1.005000000000000000e+03
1.005000000000000000e+03
1.005000000000000000e+03
1.005000000000000000e+03
1.005000000000000000e+03
1.005000000000000000e+03
1.005000000000000000e+03
1.005000000000000000e+03
1.005000000000000000e+03
1.005000000000000000e+03
1.005000000000000000e+03
1.005000000000000000e+03
1.004000000000000000e+03
1.004000000000000000e+03
1.004000000000000000e+03
1.004000000000000000e+03
1.004000000000000000e+03
1.004000000000000000e+03
1.004000000000000000e+03
1.004000000000000000e+03
1.004000000000000000e+03
1.004000000000000000e+03
1.004000000000000000e+03
1.004000000000000000e+03
1.003000000000000000e+03
1.003000000000000000e+03
1.003000000000000000e+03
1.003000000000000000e+03
1.003000000000000000e+03
1.003000000000000000e+03
1.003000000000000000e+03
1.003000000000000000e+03
1.003000000000000000e+03
1.003000000000000000e+03
1.003000000000000000e+03
1.003000000000000000e+03
1.002000000000000000e+03
1.002000000000000000e+03
1.002000000000000000e+03
1.002000000000000000e+03
1.002000000000000000e+03
1.002000000000000000e+03
1.002000000000000000e+03
1.002000000000000000e+03
1.002000000000000000e+03
1.002000000000000000e+03
1.002000000000000000e+03
1.002000000000000000e+03
1.002000000000000000e+03
1.002000000000000000e+03
1.002000000000000000e+03
1.001000000000000000e+03
1.001000000000000000e+03
1.001000000000000000e+03
1.001000000000000000e+03
1.001000000000000000e+03
1.001000000000000000e+03
1.001000000000000000e+03
1.001000000000000000e+03
1.001000000000000000e+03
1.001000000000000000e+03
1.001000000000000000e+03
1.001000000000000000e+03
1.001000000000000000e+03
1.001000000000000000e+03
1.001000000000000000e+03
1.001000000000000000e+03
1.000000000000000000e+03
1.000000000000000000e+03
1.000000000000000000e+03
1.000000000000000000e+03
1.000000000000000000e+03
1.000000000000000000e+03
1.000000000000000000e+03
1.000000000000000000e+03
1.000000000000000000e+03
1.000000000000000000e+03
1.000000000000000000e+03
1.000000000000000000e+03
1.000000000000000000e+03
